  -68
  119
 -126
   31
  121
  -91
   68
  -41
  -90
    8
  106
   51
  -70
  -14
 -102
 -126
   95
  -17
   65
  -63
 -107
 -120
    7
 -110
  -90
    2
 -103
  -35
   69
  -50
    9
  -23
   25
  -32
    9
   20
   -8
  -33
  -45
  -52
  118
  -88
  -78
   54
  -81
    4
  -59
   88
  -61
 -111
  112
  -57
   17
  -70
 -109
  -36
   22
   -6
  -72
   69
  -42
  -32
  -74
  -98
  -86
   77
 -119
  120
   33
  -65
  -12
  110
   -1
   -8
   74
   50
  -52
   71
   45
  -52
  -31
   92
  -74
   87
 -102
  -35
   45
   63
  110
  124
   95
  127
   56
   49
   64
  -59
   85
 -126
   19
  -73
  126
   36
  117
  120
  -20
   93
   -9
  -51
 -127
  -87
  107
    2
   79
   35
  -91
   56
  115
   44
   77
   -3
  125
  -22
  -83
   53
  -77
  -14
  -69
  -33
 -123
  -26
  -37
   28
  -29
   71
   40
  123
   80
  -58
   14
  -68
   -3
   86
  116
   -5
   75
  106
  122
  -80
  118
  -37
